0 0.21640625 0.81796875 0.2953125 0.184375
0 0.43046875 0.53046875 0.30703125 0.23671875
0 0.65546875 0.41640625 0.25390625 0.11328125
0 0.8171875 0.5484375 0.19765625 0.14609375
0 0.78984375 0.67421875 0.2140625 0.16640625
0 0.7328125 0.796875 0.19375 0.2078125
0 0.4078125 0.1671875 0.13046875 0.10078125
0 0.58515625 0.19765625 0.15546875 0.059375
0 0.6703125 0.290625 0.15546875 0.08515625
0 0.7703125 0.17421875 0.1859375 0.08671875
0 0.28828125 0.1265625 0.0875 0.04375
0 0.32578125 0.06875 0.0890625 0.04140625
0 0.33515625 0.0296875 0.0671875 0.0234375
0 0.4046875 0.0453125 0.07890625 0.02734375
0 0.43828125 0.0953125 0.1109375 0.0328125
0 0.58046875 0.1328125 0.1421875 0.06171875
0 0.55703125 0.06875 0.1234375 0.05234375
0 0.63359375 0.0984375 0.14765625 0.0375