0 0.265625 0.60546875 0.2046875 0.1140625
0 0.4390625 0.5796875 0.13828125 0.1
0 0.534375 0.70703125 0.259375 0.1953125
0 0.39375 0.89140625 0.215625 0.21640625
0 0.73359375 0.96640625 0.125 0.0671875
0 0.7515625 0.5125 0.10078125 0.0625
0 0.07578125 0.47421875 0.10234375 0.0765625
0 0.1890625 0.5109375 0.10390625 0.05234375
0 0.33671875 0.45859375 0.246875 0.07109375
0 0.28125 0.40703125 0.13125 0.05859375
0 0.184375 0.2796875 0.06484375 0.03828125
0 0.275 0.32890625 0.12421875 0.03671875
0 0.459375 0.32109375 0.07578125 0.03828125
0 0.528125 0.2984375 0.06171875 0.0671875
0 0.609375 0.28359375 0.05625 0.07109375
0 0.7328125 0.4296875 0.16328125 0.0953125
0 0.76171875 0.35234375 0.08984375 0.05
0 0.9625 0.521875 0.075 0.0875
0 0.3890625 0.28359375 0.071875 0.05390625
0 0.28671875 0.27578125 0.09921875 0.04453125