0 0.6265625 0.871875 0.1859375 0.12578125
0 0.61171875 0.671875 0.16953125 0.12578125
0 0.64296875 0.5390625 0.14765625 0.0734375
0 0.346875 0.49296875 0.13671875 0.05859375
0 0.31328125 0.6078125 0.13125 0.1109375
0 0.18828125 0.64140625 0.0875 0.05234375
0 0.12109375 0.79140625 0.0828125 0.090625
0 0.8984375 0.71640625 0.20078125 0.0921875
0 0.81328125 0.63046875 0.14140625 0.09453125
0 0.4203125 0.44765625 0.1 0.0484375
0 0.28671875 0.34296875 0.05546875 0.0484375
0 0.35859375 0.359375 0.0546875 0.05625
0 0.41484375 0.32890625 0.08125 0.04140625
0 0.55078125 0.328125 0.1046875 0.053125
0 0.80234375 0.33125 0.3640625 0.090625
0 0.6671875 0.434375 0.11484375 0.0546875
0 0.85234375 0.409375 0.13046875 0.0546875
0 0.2984375 0.2703125 0.16484375 0.0625
0 0.46953125 0.29140625 0.09375 0.0359375
0 0.48515625 0.24375 0.09453125 0.028125
0 0.30703125 0.96484375 0.1890625 0.0703125