0 0.6375 0.6796875 0.175 0.25078125
0 0.4203125 0.43359375 0.09765625 0.115625
0 0.45859375 0.2953125 0.07890625 0.0875
0 0.31640625 0.40078125 0.07421875 0.10390625
0 0.7546875 0.640625 0.1109375 0.1140625
0 0.46484375 0.69609375 0.08828125 0.1359375
0 0.54609375 0.4046875 0.11015625 0.0765625
0 0.53515625 0.35390625 0.0796875 0.06953125
0 0.6078125 0.325 0.0625 0.05859375
0 0.58359375 0.26875 0.06796875 0.0640625
0 0.6 0.21015625 0.0546875 0.04765625
0 0.61796875 0.48828125 0.134375 0.075
0 0.51328125 0.4484375 0.05 0.05703125