0 0.48046875 0.92734375 0.18984375 0.09453125
0 0.26484375 0.8390625 0.1078125 0.10078125
0 0.4296875 0.78671875 0.23359375 0.10234375
0 0.54140625 0.69453125 0.103125 0.1328125
0 0.4015625 0.61640625 0.1015625 0.10703125
0 0.58828125 0.54296875 0.05078125 0.0703125
0 0.6921875 0.6265625 0.18046875 0.121875
0 0.74140625 0.7671875 0.0671875 0.059375
0 0.59765625 0.84140625 0.2 0.0671875
0 0.83828125 0.88984375 0.3234375 0.18125
0 0.85703125 0.65078125 0.0515625 0.08359375
0 0.3609375 0.509375 0.1015625 0.0765625
0 0.47578125 0.48125 0.12109375 0.065625
0 0.65625 0.4234375 0.06171875 0.0578125
0 0.5375 0.428125 0.09375 0.0484375
0 0.40234375 0.37421875 0.134375 0.09453125