0 0.28203125 0.65390625 0.12890625 0.096875
0 0.21171875 0.81328125 0.16953125 0.13046875
0 0.371875 0.55390625 0.1234375 0.11796875
0 0.49609375 0.43125 0.05234375 0.05546875
0 0.43671875 0.43046875 0.06875 0.075
0 0.6125 0.42265625 0.0890625 0.06484375
0 0.3515625 0.34609375 0.0484375 0.04140625
0 0.4234375 0.340625 0.05078125 0.04140625
0 0.46328125 0.3484375 0.05703125 0.0375
0 0.59140625 0.32265625 0.0765625 0.0484375
0 0.57265625 0.7625 0.1265625 0.1078125
0 0.39921875 0.7984375 0.1234375 0.096875