0 0.59140625 0.79296875 0.18984375 0.1484375
0 0.4421875 0.6296875 0.15625 0.08046875
0 0.47578125 0.5546875 0.203125 0.09375
0 0.634375 0.61953125 0.09296875 0.0609375
0 0.7890625 0.61171875 0.18671875 0.07890625
0 0.72578125 0.6765625 0.27421875 0.1
0 0.70546875 0.96171875 0.19375 0.0765625
0 0.26484375 0.5015625 0.1234375 0.08046875
0 0.390625 0.3765625 0.0875 0.04453125
0 0.41484375 0.46015625 0.2 0.0859375
0 0.53671875 0.4234375 0.0859375 0.07109375
0 0.69375 0.39453125 0.1234375 0.0609375
0 0.7296875 0.46875 0.07734375 0.0609375
0 0.6140625 0.51171875 0.17578125 0.0765625
0 0.4984375 0.31875 0.08828125 0.0484375
0 0.53984375 0.27890625 0.0640625 0.034375
0 0.59296875 0.3484375 0.08046875 0.04375
0 0.640625 0.32109375 0.0484375 0.04453125
0 0.65703125 0.2765625 0.06484375 0.0484375