0 0.47578125 0.521875 0.20390625 0.134375
0 0.21796875 0.6578125 0.15078125 0.115625
0 0.103125 0.37890625 0.1015625 0.06953125
0 0.3265625 0.33203125 0.08671875 0.05546875
0 0.14765625 0.2875 0.05859375 0.0390625
0 0.09453125 0.253125 0.04921875 0.034375
0 0.03984375 0.234375 0.04609375 0.028125
0 0.33828125 0.2203125 0.0484375 0.04609375
0 0.3859375 0.1828125 0.05078125 0.0484375
0 0.73203125 0.66875 0.19375 0.14609375
0 0.709375 0.49140625 0.1359375 0.05
0 0.540625 0.43984375 0.103125 0.0875
0 0.17109375 0.16640625 0.0515625 0.0390625
0 0.03671875 0.2 0.0484375 0.028125
0 0.13828125 0.234375 0.046875 0.028125